1 7.67746e-14 4.04918e-13 -1.01066e-16
2 0.0857754 2.19417 -0.000887665
3 0.593717 2.09847 -0.000132713
4 0.211386 1.34764 0.000277652
5 0.333456 1.61913 -0.000473221
6 1.52217 2.0155 -0.000650894
7 0.959274 1.27105 -0.000246461
8 -0.434745 1.34202 0.000420337
9 -1.34286 1.46749 8.11548e-05
10 -1.37209 1.68771 -0.000252563
11 -0.493611 2.04525 -0.000473982
12 0.551976 1.25775 -0.000151738
13 0.620196 1.04323 -2.36492e-05
14 0.102364 1.42111 0.000547127
15 -0.0714286 1.26429 0.00100665
16 -0.650107 1.34144 0.0010219
17 -0.502089 3.12247 0.000296378
18 0.665669 1.83309 0.000847483
19 -0.232847 0.811195 0.000923449
20 -0.423152 1.3838 0.000205151
21 -0.390208 0.838133 7.72886e-05
22 -0.545014 0.468277 -0.000771925
23 -0.123087 0.314879 -0.00119505
24 0.231145 -1.08356 -0.00101136
25 -0.0498196 -2.04809 -0.00118114
26 -0.634706 -2.77506 -0.00136591
27 -0.804215 -2.44171 -0.00207536
